1024 768
100
49 632 417 858
32 874 264 715
20 150 545 795
5 596 739 673
80 279 991 146
54 660 712 834
33 447 516 625
7 543 868 130
21 509 503 201
96 450 528 898
92 800 668 663
76 859 974 535
31 884 536 684
48 288 331 852
12 754 318 208
64 117 578 945
57 527 770 535
46 522 555 681
88 256 133 559
51 594 541 995
74 178 172 687
72 780 248 897
55 168 1020 715
13 382 477 967
56 595 382 583
90 663 627 742
77 127 780 366
34 580 910 880
30 938 246 784
73 327 224 108
67 309 483 761
38 614 118 355
28 145 281 274
82 192 952 281
69 380 349 813
85 426 1006 463
98 742 930 771
42 146 218 281
24 841 968 282
11 245 891 637
18 315 637 923
26 283 789 308
83 148 724 591
41 488 296 859
37 280 985 813
87 845 939 212
93 459 638 765
15 128 841 166
99 438 761 430
79 473 485 472
22 953 934 756
84 422 523 314
19 492 701 671
4 275 774 760
6 797 187 336
45 172 486 596
2 668 1023 578
58 958 875 152
44 243 343 993
71 969 484 103
53 158 594 276
17 988 911 490
65 265 814 563
66 207 625 238
40 977 163 129
62 282 739 997
27 898 252 219
3 658 570 848
59 369 35 527
81 933 828 813
70 424 130 615
97 503 199 383
43 576 473 749
39 807 930 982
29 766 125 877
47 915 880 428
61 477 389 456
100 923 926 695
86 612 414 121
14 563 427 886
9 905 555 722
89 213 673 540
52 402 883 389
94 385 1016 373
75 267 478 809
95 624 180 481
68 286 203 797
91 690 272 180
23 200 849 1020
25 870 860 894
8 261 387 574
16 867 686 149
78 552 676 808
50 501 806 183
10 675 136 804
63 648 548 832
35 101 184 234
1 345 436 1018
36 688 706 932
60 177 161 316